0.020 1.576 3.136
0.041 1.582 3.131
0.061 1.587 3.125
0.081 1.593 3.120
0.102 1.598 3.114
0.122 1.603 3.109
0.142 1.609 3.104
0.163 1.614 3.098
0.183 1.619 3.093
0.203 1.624 3.088
0.224 1.629 3.082
0.244 1.635 3.077
0.264 1.640 3.072
0.285 1.645 3.067
0.305 1.650 3.061
0.326 1.655 3.056
0.346 1.660 3.051
0.366 1.665 3.046
0.387 1.670 3.041
0.407 1.675 3.035
0.427 1.679 3.030
0.448 1.684 3.025
0.468 1.689 3.020
0.488 1.694 3.015
0.509 1.699 3.010
0.529 1.703 3.005
0.549 1.708 3.000
0.570 1.713 2.995
0.590 1.717 2.990
0.610 1.722 2.985
0.631 1.726 2.980
0.651 1.731 2.975
0.671 1.736 2.970
0.692 1.740 2.965
0.712 1.745 2.960
0.732 1.749 2.955
0.753 1.753 2.950
0.773 1.758 2.945
0.793 1.762 2.940
0.814 1.767 2.935
0.834 1.771 2.930
0.854 1.775 2.925
0.875 1.780 2.920
0.895 1.784 2.915
0.915 1.788 2.910
0.936 1.792 2.906
0.956 1.796 2.901
0.977 1.801 2.896
0.997 1.805 2.891
1.017 1.809 2.886
1.038 1.813 2.881
1.058 1.817 2.876
1.078 1.821 2.871
1.099 1.825 2.866
1.119 1.829 2.862
1.139 1.833 2.857
1.160 1.837 2.852
1.180 1.841 2.847
1.200 1.845 2.842
1.221 1.848 2.837
1.241 1.852 2.832
1.261 1.856 2.827
1.282 1.860 2.822
1.302 1.864 2.818
1.322 1.867 2.813
1.343 1.871 2.808
1.363 1.875 2.803
1.383 1.878 2.798
1.404 1.882 2.793
1.424 1.886 2.788
1.444 1.889 2.783
1.465 1.893 2.778
1.485 1.896 2.773
1.505 1.900 2.768
1.526 1.903 2.763
1.546 1.906 2.759
1.567 1.910 2.754
1.587 1.913 2.749
1.607 1.917 2.744
1.628 1.920 2.739
1.648 1.923 2.734
1.668 1.926 2.729
1.689 1.929 2.724
1.709 1.933 2.718
1.729 1.936 2.713
1.750 1.939 2.708
1.770 1.942 2.703
1.790 1.945 2.698
1.811 1.948 2.693
1.831 1.951 2.688
1.851 1.954 2.683
1.872 1.956 2.677
1.892 1.959 2.672
1.912 1.962 2.667
1.933 1.965 2.662
1.953 1.967 2.657
1.973 1.970 2.651
1.962 1.962 2.651
1.951 1.953 2.651
1.940 1.945 2.651
1.930 1.937 2.651
1.919 1.929 2.651
1.908 1.921 2.651
1.897 1.913 2.651
1.886 1.906 2.651
1.875 1.898 2.652
1.864 1.890 2.652
1.853 1.883 2.653
1.842 1.875 2.653
1.831 1.868 2.654
1.820 1.860 2.654
1.809 1.853 2.655
1.798 1.845 2.656
1.787 1.838 2.657
1.776 1.831 2.658
1.765 1.824 2.659
1.754 1.817 2.660
1.743 1.810 2.661
1.732 1.803 2.662
1.721 1.796 2.663
1.710 1.789 2.664
1.699 1.782 2.666
1.688 1.775 2.667
1.677 1.768 2.668
1.666 1.761 2.670
1.655 1.754 2.671
1.644 1.747 2.673
1.633 1.741 2.674
1.622 1.734 2.676
1.611 1.727 2.678
1.600 1.721 2.679
1.589 1.714 2.681
1.578 1.708 2.683
1.567 1.701 2.685
1.556 1.694 2.686
1.545 1.688 2.688
1.534 1.681 2.690
1.523 1.675 2.692
1.513 1.669 2.694
1.502 1.662 2.696
1.491 1.656 2.698
1.480 1.649 2.700
1.469 1.643 2.703
1.458 1.637 2.705
1.447 1.630 2.707
1.436 1.624 2.709
1.425 1.618 2.711
1.414 1.611 2.714
1.403 1.605 2.716
1.392 1.599 2.718
1.381 1.592 2.721
1.370 1.586 2.723
1.359 1.580 2.726
1.348 1.574 2.728
1.337 1.567 2.731
1.326 1.561 2.733
1.315 1.555 2.736
1.304 1.549 2.739
1.293 1.543 2.741
1.282 1.536 2.744
1.271 1.530 2.747
1.260 1.524 2.749
1.249 1.518 2.752
1.238 1.512 2.755
1.227 1.505 2.758
1.216 1.499 2.761
1.205 1.493 2.764
1.194 1.487 2.767
1.183 1.481 2.770
1.172 1.475 2.773
1.161 1.468 2.776
1.150 1.462 2.779
1.139 1.456 2.782
1.128 1.450 2.785
1.117 1.444 2.788
1.107 1.437 2.791
1.096 1.431 2.794
1.085 1.425 2.798
1.074 1.419 2.801
1.063 1.413 2.804
1.052 1.406 2.807
1.041 1.400 2.811
1.030 1.394 2.814
1.019 1.388 2.817
1.008 1.382 2.821
0.997 1.375 2.824
0.986 1.369 2.828
0.975 1.363 2.831
0.964 1.356 2.835
0.953 1.350 2.838
0.942 1.344 2.842
0.931 1.338 2.846
0.920 1.331 2.849
0.909 1.325 2.853
0.942 1.333 2.854
0.976 1.341 2.854
1.009 1.348 2.855
1.043 1.356 2.856
1.076 1.364 2.856
1.109 1.372 2.857
1.143 1.380 2.858
1.176 1.388 2.859
1.210 1.396 2.860
1.243 1.404 2.861
1.276 1.412 2.862
1.310 1.420 2.863
1.343 1.427 2.864
1.377 1.435 2.866
1.410 1.443 2.867
1.443 1.451 2.868
1.477 1.459 2.870
1.510 1.467 2.871
1.544 1.475 2.873
1.577 1.483 2.874
1.610 1.491 2.876
1.644 1.499 2.877
1.677 1.507 2.879
1.711 1.515 2.881
1.744 1.523 2.883
1.777 1.531 2.884
1.811 1.539 2.886
1.844 1.547 2.888
1.878 1.555 2.890
1.911 1.563 2.892
1.944 1.571 2.894
1.978 1.580 2.897
2.011 1.588 2.899
2.044 1.596 2.901
2.078 1.604 2.903
2.111 1.612 2.906
2.145 1.620 2.908
2.178 1.628 2.911
2.211 1.637 2.913
2.245 1.645 2.916
2.278 1.653 2.918
2.312 1.661 2.921
2.345 1.669 2.924
2.378 1.678 2.927
2.412 1.686 2.929
2.445 1.694 2.932
2.479 1.702 2.935
2.512 1.711 2.938
2.545 1.719 2.941
2.579 1.727 2.945
2.612 1.735 2.948
2.646 1.744 2.951
2.679 1.752 2.954
2.712 1.760 2.958
2.746 1.769 2.961
2.779 1.777 2.964
2.813 1.786 2.968
2.846 1.794 2.972
2.879 1.802 2.975
2.913 1.811 2.979
2.946 1.819 2.983
2.980 1.828 2.986
3.013 1.836 2.990
3.046 1.845 2.994
3.080 1.853 2.998
3.113 1.862 3.002
3.147 1.870 3.006
3.180 1.879 3.010
3.213 1.887 3.014
3.247 1.896 3.019
3.280 1.904 3.023
3.314 1.913 3.027
3.347 1.921 3.032
3.380 1.930 3.036
3.414 1.938 3.041
3.447 1.947 3.045
3.481 1.955 3.050
3.514 1.964 3.055
3.547 1.973 3.059
3.581 1.981 3.064
3.614 1.990 3.069
3.648 1.999 3.074
3.681 2.007 3.079
3.714 2.016 3.084
3.748 2.024 3.089
3.781 2.033 3.094
3.815 2.042 3.099
3.848 2.050 3.105
3.881 2.059 3.110
3.915 2.068 3.115
3.948 2.076 3.121
3.982 2.085 3.126
4.015 2.094 3.131
4.048 2.102 3.137
4.082 2.111 3.143
4.115 2.120 3.148
4.149 2.128 3.154
4.182 2.137 3.160
